V1 V2 V3 V4 V5 V6 V7 V8 V9 V10 V11 V12 V13 V14 V15 V16 V17 V18 V19 V20 V21 V22 V23 V24 V25 V26 V27 V28 V29 V30 V31 V32 V33 V34 V35 V36 Target
49.0 51.0 86.0 83.0 59.0 70.0 90.0 72.0 59.0 63.0 97.0 90.0 50.0 46.0 82.0 83.0 57.0 67.0 85.0 76.0 60.0 71.0 97.0 83.0 50.0 52.0 82.0 79.0 57.0 66.0 82.0 72.0 60.0 77.0 90.0 83.0 2.0
43.0 32.0 138.0 144.0 46.0 32.0 138.0 144.0 46.0 32.0 138.0 144.0 42.0 34.0 130.0 142.0 46.0 32.0 130.0 142.0 46.0 32.0 135.0 142.0 44.0 34.0 124.0 143.0 44.0 34.0 129.0 143.0 44.0 31.0 124.0 143.0 2.0
71.0 83.0 96.0 75.0 67.0 72.0 96.0 83.0 59.0 58.0 104.0 100.0 66.0 63.0 100.0 92.0 56.0 53.0 108.0 107.0 49.0 37.0 122.0 125.0 49.0 37.0 130.0 131.0 46.0 34.0 130.0 135.0 42.0 32.0 130.0 135.0 2.0
63.0 73.0 97.0 86.0 59.0 70.0 105.0 94.0 63.0 66.0 101.0 90.0 60.0 75.0 101.0 83.0 60.0 75.0 101.0 83.0 60.0 75.0 97.0 80.0 64.0 77.0 94.0 76.0 60.0 77.0 94.0 76.0 57.0 81.0 90.0 76.0 2.0
46.0 42.0 96.0 78.0 53.0 48.0 71.0 59.0 56.0 51.0 71.0 59.0 44.0 32.0 113.0 116.0 51.0 45.0 85.0 71.0 51.0 45.0 74.0 62.0 43.0 27.0 117.0 129.0 43.0 29.0 117.0 133.0 49.0 40.0 96.0 89.0 2.0
53.0 49.0 78.0 73.0 50.0 49.0 89.0 87.0 47.0 37.0 105.0 115.0 41.0 31.0 98.0 113.0 44.0 37.0 102.0 102.0 50.0 46.0 102.0 102.0 40.0 29.0 108.0 121.0 43.0 31.0 104.0 117.0 50.0 42.0 96.0 96.0 2.0
63.0 67.0 80.0 70.0 59.0 63.0 73.0 66.0 66.0 63.0 84.0 66.0 75.0 81.0 86.0 75.0 63.0 66.0 79.0 68.0 63.0 57.0 75.0 68.0 67.0 75.0 89.0 73.0 60.0 67.0 78.0 62.0 53.0 49.0 78.0 58.0 2.0
46.0 32.0 104.0 111.0 43.0 32.0 104.0 114.0 46.0 34.0 104.0 118.0 46.0 32.0 101.0 116.0 46.0 32.0 101.0 116.0 42.0 30.0 101.0 120.0 53.0 43.0 105.0 115.0 50.0 34.0 105.0 115.0 47.0 34.0 101.0 111.0 2.0
43.0 31.0 139.0 143.0 43.0 31.0 133.0 139.0 46.0 31.0 133.0 139.0 44.0 29.0 139.0 150.0 44.0 27.0 134.0 146.0 44.0 29.0 134.0 141.0 46.0 29.0 138.0 151.0 46.0 29.0 133.0 151.0 46.0 29.0 138.0 147.0 2.0
60.0 61.0 104.0 103.0 46.0 34.0 104.0 110.0 46.0 34.0 100.0 107.0 75.0 79.0 100.0 83.0 55.0 48.0 104.0 108.0 44.0 32.0 104.0 112.0 70.0 83.0 92.0 74.0 74.0 83.0 100.0 85.0 59.0 49.0 104.0 107.0 2.0
63.0 73.0 97.0 83.0 59.0 60.0 110.0 98.0 49.0 45.0 119.0 116.0 47.0 40.0 119.0 122.0 42.0 37.0 119.0 129.0 44.0 34.0 124.0 136.0 47.0 34.0 125.0 135.0 44.0 34.0 131.0 131.0 44.0 34.0 120.0 135.0 2.0
67.0 75.0 81.0 58.0 67.0 75.0 77.0 62.0 67.0 72.0 77.0 62.0 63.0 71.0 88.0 70.0 63.0 63.0 88.0 74.0 63.0 60.0 88.0 85.0 59.0 60.0 90.0 83.0 59.0 57.0 97.0 86.0 59.0 57.0 97.0 86.0 2.0
46.0 32.0 114.0 127.0 42.0 34.0 119.0 135.0 52.0 37.0 114.0 124.0 53.0 43.0 114.0 119.0 53.0 56.0 101.0 97.0 60.0 63.0 85.0 73.0 68.0 73.0 78.0 65.0 64.0 73.0 74.0 54.0 68.0 69.0 78.0 54.0 2.0
47.0 37.0 114.0 122.0 50.0 63.0 97.0 90.0 63.0 84.0 97.0 80.0 50.0 43.0 98.0 109.0 53.0 55.0 98.0 91.0 57.0 73.0 86.0 72.0 56.0 61.0 91.0 85.0 56.0 64.0 91.0 85.0 60.0 64.0 91.0 81.0 2.0
46.0 34.0 122.0 125.0 46.0 36.0 122.0 121.0 46.0 36.0 118.0 125.0 48.0 29.0 123.0 125.0 44.0 32.0 113.0 121.0 48.0 34.0 118.0 112.0 46.0 32.0 112.0 118.0 46.0 34.0 112.0 118.0 46.0 34.0 112.0 114.0 2.0
71.0 79.0 87.0 70.0 68.0 75.0 87.0 67.0 76.0 83.0 91.0 74.0 63.0 58.0 81.0 67.0 63.0 68.0 85.0 67.0 71.0 91.0 93.0 75.0 56.0 49.0 80.0 66.0 56.0 53.0 73.0 66.0 70.0 79.0 84.0 66.0 2.0
55.0 54.0 63.0 46.0 59.0 51.0 67.0 46.0 59.0 51.0 67.0 50.0 59.0 56.0 62.0 44.0 59.0 53.0 62.0 44.0 59.0 56.0 66.0 44.0 56.0 54.0 72.0 49.0 56.0 51.0 62.0 45.0 56.0 54.0 65.0 45.0 2.0
66.0 83.0 117.0 100.0 70.0 87.0 112.0 100.0 82.0 91.0 108.0 85.0 75.0 91.0 110.0 94.0 79.0 91.0 119.0 98.0 79.0 99.0 110.0 86.0 74.0 92.0 110.0 94.0 70.0 88.0 114.0 97.0 74.0 88.0 110.0 94.0 2.0
64.0 69.0 98.0 87.0 68.0 77.0 90.0 79.0 64.0 73.0 98.0 83.0 68.0 79.0 100.0 81.0 68.0 75.0 96.0 78.0 64.0 75.0 87.0 78.0 63.0 68.0 89.0 71.0 67.0 75.0 77.0 62.0 67.0 72.0 77.0 58.0 2.0
59.0 75.0 89.0 79.0 59.0 64.0 100.0 92.0 59.0 58.0 104.0 100.0 52.0 56.0 80.0 74.0 59.0 67.0 88.0 74.0 63.0 71.0 92.0 81.0 49.0 45.0 86.0 86.0 49.0 51.0 86.0 83.0 59.0 70.0 90.0 72.0 2.0
47.0 34.0 101.0 111.0 44.0 31.0 101.0 119.0 44.0 31.0 105.0 122.0 44.0 34.0 102.0 109.0 47.0 34.0 106.0 113.0 47.0 34.0 106.0 116.0 46.0 34.0 104.0 110.0 46.0 34.0 100.0 107.0 43.0 36.0 104.0 114.0 2.0
72.0 81.0 94.0 72.0 64.0 69.0 102.0 83.0 57.0 49.0 111.0 109.0 56.0 54.0 104.0 92.0 53.0 45.0 113.0 114.0 46.0 34.0 133.0 146.0 48.0 37.0 118.0 121.0 51.0 45.0 113.0 104.0 44.0 37.0 128.0 137.0 2.0
49.0 37.0 114.0 116.0 52.0 40.0 110.0 113.0 49.0 37.0 105.0 113.0 47.0 37.0 114.0 119.0 44.0 34.0 110.0 119.0 44.0 37.0 105.0 111.0 47.0 37.0 111.0 113.0 47.0 37.0 111.0 105.0 50.0 40.0 106.0 105.0 2.0
44.0 34.0 124.0 136.0 44.0 34.0 119.0 133.0 53.0 56.0 105.0 97.0 41.0 31.0 131.0 135.0 41.0 31.0 131.0 139.0 44.0 40.0 120.0 120.0 43.0 31.0 128.0 135.0 43.0 31.0 128.0 132.0 46.0 34.0 118.0 132.0 2.0
59.0 60.0 76.0 66.0 59.0 60.0 80.0 70.0 56.0 60.0 84.0 74.0 52.0 57.0 75.0 68.0 56.0 54.0 82.0 72.0 56.0 51.0 79.0 75.0 53.0 53.0 82.0 76.0 50.0 56.0 82.0 73.0 53.0 53.0 82.0 73.0 2.0
49.0 45.0 86.0 86.0 49.0 51.0 86.0 83.0 59.0 70.0 90.0 72.0 44.0 43.0 82.0 87.0 50.0 46.0 82.0 83.0 57.0 67.0 85.0 76.0 50.0 52.0 78.0 83.0 50.0 52.0 82.0 79.0 57.0 66.0 82.0 72.0 2.0
44.0 32.0 139.0 141.0 44.0 34.0 139.0 146.0 44.0 29.0 134.0 146.0 46.0 34.0 127.0 144.0 43.0 32.0 133.0 144.0 43.0 32.0 138.0 144.0 56.0 42.0 114.0 120.0 42.0 32.0 130.0 146.0 42.0 34.0 130.0 142.0 2.0
60.0 59.0 98.0 91.0 64.0 69.0 98.0 87.0 68.0 77.0 90.0 79.0 71.0 83.0 100.0 78.0 68.0 79.0 100.0 81.0 68.0 75.0 96.0 78.0 71.0 79.0 93.0 71.0 63.0 68.0 89.0 71.0 67.0 75.0 77.0 62.0 2.0
64.0 69.0 78.0 68.0 68.0 69.0 82.0 68.0 60.0 66.0 78.0 68.0 60.0 57.0 79.0 70.0 53.0 54.0 75.0 70.0 56.0 57.0 71.0 67.0 51.0 48.0 81.0 79.0 48.0 42.0 74.0 75.0 48.0 48.0 67.0 71.0 2.0
56.0 71.0 96.0 85.0 56.0 68.0 91.0 81.0 56.0 64.0 91.0 81.0 59.0 75.0 96.0 87.0 59.0 72.0 96.0 83.0 59.0 75.0 96.0 75.0 66.0 83.0 100.0 85.0 63.0 83.0 100.0 81.0 59.0 87.0 96.0 81.0 2.0
63.0 71.0 78.0 58.0 67.0 71.0 78.0 58.0 67.0 75.0 82.0 62.0 64.0 62.0 71.0 50.0 60.0 62.0 67.0 50.0 60.0 62.0 67.0 54.0 56.0 54.0 67.0 49.0 56.0 54.0 67.0 52.0 53.0 57.0 67.0 52.0 2.0
50.0 36.0 118.0 128.0 43.0 31.0 139.0 143.0 46.0 29.0 133.0 139.0 51.0 45.0 104.0 100.0 48.0 37.0 123.0 129.0 44.0 32.0 128.0 137.0 49.0 37.0 112.0 118.0 52.0 43.0 104.0 103.0 49.0 37.0 117.0 122.0 2.0
60.0 62.0 67.0 50.0 60.0 62.0 67.0 54.0 64.0 69.0 74.0 61.0 56.0 54.0 67.0 52.0 53.0 57.0 67.0 52.0 60.0 64.0 75.0 63.0 55.0 54.0 60.0 46.0 55.0 54.0 67.0 50.0 55.0 58.0 70.0 54.0 2.0
84.0 95.0 100.0 74.0 80.0 91.0 91.0 70.0 71.0 91.0 96.0 74.0 79.0 95.0 100.0 75.0 71.0 83.0 96.0 75.0 67.0 72.0 96.0 83.0 74.0 79.0 96.0 81.0 66.0 63.0 100.0 92.0 56.0 53.0 108.0 107.0 2.0
76.0 99.0 122.0 96.0 80.0 95.0 118.0 96.0 80.0 95.0 118.0 92.0 75.0 99.0 118.0 96.0 75.0 95.0 109.0 96.0 75.0 95.0 113.0 96.0 74.0 91.0 112.0 96.0 70.0 87.0 112.0 100.0 66.0 83.0 117.0 100.0 2.0
46.0 32.0 127.0 133.0 46.0 32.0 122.0 125.0 46.0 34.0 122.0 125.0 46.0 32.0 124.0 131.0 46.0 34.0 130.0 131.0 49.0 34.0 124.0 131.0 44.0 34.0 119.0 136.0 42.0 34.0 119.0 129.0 44.0 34.0 114.0 129.0 2.0
63.0 71.0 92.0 81.0 59.0 60.0 96.0 92.0 56.0 63.0 104.0 96.0 59.0 70.0 90.0 72.0 59.0 63.0 97.0 90.0 59.0 60.0 97.0 90.0 57.0 67.0 85.0 76.0 60.0 71.0 97.0 83.0 60.0 60.0 97.0 87.0 2.0
53.0 49.0 74.0 58.0 53.0 49.0 74.0 58.0 53.0 53.0 74.0 58.0 53.0 49.0 82.0 65.0 57.0 55.0 71.0 61.0 57.0 55.0 78.0 65.0 60.0 54.0 83.0 70.0 56.0 57.0 83.0 78.0 53.0 48.0 91.0 85.0 2.0
44.0 31.0 105.0 122.0 44.0 31.0 110.0 129.0 42.0 29.0 110.0 126.0 47.0 34.0 106.0 116.0 44.0 31.0 111.0 124.0 44.0 29.0 111.0 128.0 43.0 36.0 104.0 114.0 46.0 34.0 108.0 121.0 40.0 31.0 104.0 125.0 2.0
59.0 56.0 66.0 44.0 52.0 53.0 69.0 52.0 56.0 56.0 69.0 59.0 63.0 66.0 68.0 49.0 56.0 54.0 65.0 49.0 56.0 54.0 68.0 53.0 70.0 79.0 82.0 65.0 60.0 63.0 74.0 55.0 57.0 60.0 70.0 55.0 2.0
89.0 106.0 101.0 80.0 74.0 75.0 97.0 83.0 53.0 49.0 114.0 108.0 88.0 102.0 111.0 83.0 76.0 77.0 102.0 83.0 53.0 40.0 115.0 116.0 84.0 95.0 100.0 85.0 80.0 95.0 100.0 74.0 64.0 64.0 104.0 96.0 2.0
44.0 29.0 115.0 124.0 44.0 29.0 106.0 113.0 44.0 31.0 106.0 116.0 43.0 29.0 122.0 135.0 43.0 29.0 122.0 128.0 43.0 29.0 122.0 128.0 41.0 27.0 134.0 146.0 41.0 27.0 134.0 137.0 41.0 27.0 123.0 129.0 2.0
56.0 54.0 68.0 53.0 56.0 57.0 72.0 57.0 56.0 57.0 72.0 57.0 57.0 60.0 70.0 55.0 60.0 63.0 78.0 62.0 60.0 71.0 85.0 69.0 64.0 73.0 71.0 54.0 60.0 66.0 74.0 61.0 60.0 69.0 86.0 76.0 2.0
50.0 46.0 102.0 102.0 44.0 31.0 111.0 120.0 44.0 31.0 115.0 124.0 50.0 42.0 96.0 96.0 50.0 48.0 96.0 96.0 46.0 36.0 104.0 107.0 44.0 32.0 104.0 116.0 51.0 40.0 96.0 96.0 44.0 34.0 100.0 100.0 2.0
49.0 34.0 110.0 116.0 49.0 37.0 114.0 116.0 52.0 40.0 110.0 113.0 47.0 37.0 114.0 122.0 47.0 37.0 114.0 119.0 44.0 34.0 110.0 119.0 47.0 34.0 115.0 120.0 47.0 37.0 111.0 113.0 47.0 37.0 111.0 105.0 2.0
63.0 63.0 88.0 74.0 63.0 60.0 88.0 85.0 59.0 56.0 88.0 85.0 59.0 57.0 97.0 86.0 59.0 57.0 97.0 86.0 56.0 57.0 97.0 86.0 57.0 56.0 97.0 94.0 53.0 56.0 97.0 90.0 60.0 56.0 93.0 87.0 2.0
75.0 91.0 93.0 72.0 75.0 84.0 93.0 72.0 75.0 84.0 90.0 68.0 63.0 71.0 78.0 58.0 67.0 71.0 78.0 58.0 67.0 75.0 82.0 62.0 64.0 62.0 71.0 50.0 60.0 62.0 67.0 50.0 60.0 62.0 67.0 54.0 2.0
63.0 67.0 104.0 85.0 82.0 96.0 104.0 78.0 86.0 100.0 108.0 85.0 52.0 48.0 110.0 105.0 71.0 77.0 97.0 75.0 83.0 99.0 105.0 83.0 44.0 34.0 119.0 133.0 53.0 56.0 105.0 97.0 74.0 92.0 101.0 76.0 2.0
60.0 73.0 90.0 83.0 53.0 62.0 86.0 83.0 50.0 52.0 82.0 83.0 64.0 79.0 100.0 85.0 56.0 71.0 96.0 85.0 56.0 68.0 91.0 81.0 63.0 79.0 100.0 87.0 59.0 75.0 96.0 87.0 59.0 72.0 96.0 83.0 2.0
60.0 54.0 83.0 70.0 56.0 57.0 83.0 78.0 53.0 48.0 91.0 85.0 63.0 54.0 100.0 92.0 48.0 37.0 100.0 104.0 48.0 37.0 104.0 104.0 70.0 79.0 92.0 70.0 74.0 87.0 96.0 78.0 63.0 56.0 104.0 100.0 2.0
42.0 28.0 119.0 127.0 46.0 32.0 105.0 113.0 49.0 45.0 82.0 72.0 47.0 37.0 101.0 101.0 50.0 37.0 101.0 104.0 47.0 40.0 93.0 94.0 41.0 34.0 115.0 113.0 44.0 29.0 115.0 120.0 47.0 31.0 106.0 105.0 2.0
67.0 64.0 81.0 67.0 59.0 61.0 77.0 71.0 55.0 54.0 85.0 67.0 66.0 71.0 80.0 66.0 66.0 63.0 76.0 66.0 59.0 60.0 73.0 63.0 71.0 77.0 86.0 68.0 67.0 73.0 75.0 60.0 63.0 66.0 68.0 57.0 2.0
53.0 51.0 75.0 59.0 53.0 57.0 75.0 63.0 56.0 68.0 87.0 63.0 55.0 54.0 81.0 71.0 51.0 58.0 81.0 75.0 55.0 68.0 89.0 71.0 56.0 56.0 84.0 78.0 56.0 63.0 88.0 78.0 59.0 71.0 88.0 78.0 2.0
56.0 53.0 76.0 59.0 52.0 53.0 73.0 63.0 52.0 56.0 73.0 66.0 59.0 60.0 86.0 75.0 59.0 60.0 93.0 79.0 63.0 70.0 97.0 83.0 70.0 84.0 101.0 87.0 82.0 92.0 105.0 90.0 89.0 106.0 114.0 94.0 2.0
48.0 37.0 118.0 121.0 63.0 58.0 109.0 96.0 79.0 95.0 100.0 79.0 49.0 34.0 117.0 122.0 49.0 34.0 117.0 125.0 52.0 49.0 112.0 107.0 46.0 37.0 114.0 116.0 46.0 37.0 110.0 113.0 52.0 45.0 110.0 109.0 2.0
71.0 75.0 87.0 70.0 64.0 61.0 75.0 52.0 60.0 54.0 75.0 59.0 71.0 75.0 81.0 71.0 63.0 61.0 74.0 54.0 59.0 54.0 77.0 54.0 63.0 75.0 80.0 59.0 70.0 75.0 84.0 66.0 63.0 56.0 76.0 55.0 2.0
76.0 99.0 104.0 81.0 76.0 99.0 108.0 85.0 76.0 103.0 118.0 88.0 84.0 103.0 104.0 79.0 79.0 107.0 109.0 87.0 79.0 107.0 109.0 87.0 82.0 100.0 108.0 81.0 82.0 100.0 104.0 78.0 78.0 100.0 104.0 81.0 1.0
80.0 107.0 113.0 85.0 80.0 95.0 100.0 78.0 80.0 95.0 100.0 78.0 79.0 103.0 104.0 79.0 79.0 95.0 100.0 79.0 79.0 95.0 96.0 75.0 82.0 100.0 108.0 85.0 78.0 96.0 96.0 78.0 78.0 91.0 92.0 70.0 1.0
80.0 95.0 100.0 78.0 80.0 95.0 100.0 78.0 80.0 91.0 100.0 78.0 79.0 95.0 100.0 79.0 79.0 95.0 96.0 75.0 79.0 95.0 100.0 75.0 78.0 96.0 96.0 78.0 78.0 91.0 92.0 70.0 74.0 91.0 92.0 70.0 1.0
80.0 95.0 100.0 78.0 80.0 91.0 100.0 78.0 80.0 91.0 100.0 74.0 79.0 95.0 96.0 75.0 79.0 95.0 100.0 75.0 75.0 95.0 100.0 79.0 78.0 91.0 92.0 70.0 74.0 91.0 92.0 70.0 78.0 91.0 96.0 74.0 1.0
80.0 91.0 100.0 74.0 80.0 95.0 104.0 74.0 76.0 91.0 104.0 74.0 75.0 95.0 100.0 79.0 75.0 91.0 96.0 75.0 75.0 91.0 96.0 71.0 78.0 91.0 96.0 74.0 74.0 87.0 92.0 70.0 74.0 87.0 88.0 70.0 1.0
76.0 87.0 100.0 74.0 76.0 87.0 91.0 74.0 76.0 87.0 91.0 67.0 75.0 87.0 96.0 71.0 75.0 91.0 96.0 71.0 75.0 87.0 93.0 67.0 74.0 87.0 92.0 70.0 78.0 87.0 88.0 66.0 78.0 87.0 92.0 66.0 1.0
76.0 87.0 91.0 67.0 71.0 87.0 87.0 70.0 71.0 83.0 87.0 67.0 75.0 87.0 93.0 67.0 71.0 87.0 89.0 67.0 71.0 79.0 81.0 62.0 78.0 87.0 92.0 66.0 74.0 83.0 92.0 66.0 70.0 83.0 92.0 66.0 1.0
71.0 87.0 87.0 70.0 71.0 83.0 87.0 67.0 68.0 83.0 87.0 67.0 71.0 87.0 89.0 67.0 71.0 79.0 81.0 62.0 71.0 79.0 85.0 62.0 74.0 83.0 92.0 66.0 70.0 83.0 92.0 66.0 70.0 83.0 88.0 70.0 1.0
68.0 83.0 87.0 67.0 71.0 83.0 87.0 70.0 76.0 91.0 91.0 74.0 71.0 75.0 81.0 62.0 67.0 75.0 85.0 71.0 67.0 75.0 96.0 79.0 59.0 60.0 96.0 81.0 56.0 49.0 104.0 100.0 49.0 40.0 112.0 114.0 1.0
84.0 103.0 108.0 85.0 88.0 107.0 118.0 88.0 88.0 107.0 118.0 92.0 84.0 99.0 113.0 87.0 84.0 99.0 109.0 87.0 84.0 103.0 109.0 83.0 63.0 67.0 104.0 85.0 82.0 96.0 104.0 78.0 86.0 100.0 108.0 85.0 1.0
88.0 107.0 118.0 88.0 88.0 107.0 118.0 92.0 88.0 107.0 118.0 92.0 84.0 99.0 109.0 87.0 84.0 103.0 109.0 83.0 88.0 107.0 113.0 87.0 82.0 96.0 104.0 78.0 86.0 100.0 108.0 85.0 90.0 104.0 112.0 85.0 1.0
88.0 107.0 118.0 92.0 88.0 112.0 113.0 88.0 88.0 103.0 113.0 88.0 88.0 107.0 113.0 87.0 88.0 107.0 104.0 87.0 88.0 107.0 109.0 83.0 90.0 104.0 112.0 85.0 86.0 104.0 108.0 85.0 86.0 104.0 108.0 85.0 1.0
88.0 103.0 113.0 88.0 88.0 103.0 108.0 85.0 84.0 99.0 108.0 85.0 88.0 107.0 109.0 83.0 84.0 99.0 109.0 83.0 88.0 103.0 109.0 87.0 86.0 104.0 108.0 85.0 86.0 104.0 108.0 85.0 86.0 100.0 108.0 85.0 1.0
88.0 103.0 108.0 85.0 84.0 99.0 108.0 85.0 88.0 99.0 104.0 85.0 84.0 99.0 109.0 83.0 88.0 103.0 109.0 87.0 88.0 103.0 109.0 87.0 86.0 104.0 108.0 85.0 86.0 100.0 108.0 85.0 90.0 104.0 112.0 89.0 1.0
92.0 112.0 118.0 92.0 92.0 107.0 113.0 92.0 92.0 107.0 118.0 88.0 88.0 107.0 109.0 92.0 88.0 107.0 109.0 87.0 88.0 107.0 109.0 87.0 90.0 104.0 112.0 89.0 86.0 104.0 108.0 89.0 90.0 104.0 108.0 92.0 1.0
88.0 107.0 113.0 88.0 88.0 103.0 108.0 81.0 88.0 103.0 108.0 88.0 88.0 111.0 113.0 92.0 88.0 107.0 113.0 87.0 88.0 107.0 113.0 87.0 86.0 104.0 108.0 85.0 90.0 109.0 112.0 92.0 86.0 109.0 108.0 89.0 1.0
88.0 103.0 108.0 88.0 84.0 99.0 104.0 85.0 84.0 103.0 108.0 81.0 88.0 107.0 113.0 87.0 88.0 107.0 109.0 83.0 84.0 99.0 104.0 87.0 86.0 109.0 108.0 89.0 86.0 109.0 112.0 89.0 90.0 109.0 112.0 92.0 1.0
84.0 103.0 108.0 85.0 88.0 95.0 104.0 81.0 84.0 99.0 108.0 85.0 88.0 95.0 100.0 79.0 88.0 95.0 100.0 83.0 88.0 103.0 100.0 83.0 86.0 104.0 104.0 85.0 82.0 100.0 100.0 85.0 82.0 100.0 104.0 78.0 1.0
88.0 99.0 104.0 85.0 84.0 99.0 104.0 85.0 84.0 99.0 104.0 81.0 84.0 103.0 104.0 83.0 88.0 99.0 100.0 79.0 84.0 99.0 104.0 79.0 82.0 96.0 100.0 81.0 82.0 100.0 108.0 81.0 82.0 96.0 104.0 78.0 1.0
84.0 99.0 104.0 81.0 84.0 99.0 100.0 81.0 80.0 91.0 96.0 78.0 84.0 99.0 104.0 79.0 79.0 95.0 100.0 79.0 79.0 99.0 100.0 83.0 82.0 96.0 104.0 78.0 82.0 96.0 100.0 81.0 86.0 96.0 104.0 81.0 1.0
56.0 61.0 87.0 78.0 71.0 79.0 100.0 81.0 80.0 95.0 100.0 85.0 75.0 83.0 96.0 79.0 84.0 99.0 104.0 83.0 84.0 99.0 104.0 83.0 82.0 96.0 104.0 85.0 82.0 100.0 104.0 85.0 86.0 100.0 108.0 85.0 1.0
80.0 95.0 100.0 85.0 80.0 91.0 100.0 81.0 80.0 91.0 100.0 78.0 84.0 99.0 104.0 83.0 79.0 95.0 100.0 75.0 75.0 87.0 93.0 71.0 86.0 100.0 108.0 85.0 86.0 100.0 112.0 85.0 86.0 100.0 112.0 85.0 1.0
76.0 83.0 91.0 74.0 71.0 79.0 87.0 70.0 71.0 79.0 79.0 67.0 75.0 83.0 85.0 71.0 71.0 75.0 85.0 67.0 71.0 79.0 77.0 67.0 82.0 96.0 100.0 81.0 78.0 83.0 84.0 70.0 74.0 75.0 88.0 66.0 1.0
71.0 79.0 79.0 67.0 71.0 79.0 83.0 67.0 71.0 79.0 79.0 63.0 71.0 79.0 77.0 67.0 71.0 75.0 81.0 67.0 67.0 72.0 81.0 67.0 74.0 75.0 88.0 66.0 70.0 79.0 88.0 66.0 70.0 75.0 76.0 66.0 1.0
88.0 121.0 128.0 100.0 84.0 107.0 113.0 87.0 84.0 99.0 104.0 79.0 90.0 113.0 122.0 96.0 95.0 128.0 127.0 103.0 95.0 123.0 127.0 100.0 87.0 103.0 114.0 90.0 92.0 122.0 135.0 109.0 96.0 127.0 130.0 105.0 1.0
79.0 107.0 109.0 87.0 79.0 107.0 113.0 87.0 79.0 103.0 104.0 83.0 78.0 100.0 104.0 81.0 82.0 104.0 104.0 85.0 82.0 104.0 108.0 85.0 79.0 99.0 105.0 83.0 83.0 103.0 114.0 86.0 79.0 99.0 105.0 83.0 1.0
79.0 107.0 113.0 87.0 79.0 103.0 104.0 83.0 79.0 103.0 104.0 79.0 82.0 104.0 104.0 85.0 82.0 104.0 108.0 85.0 82.0 100.0 108.0 85.0 83.0 103.0 114.0 86.0 79.0 99.0 105.0 83.0 79.0 95.0 101.0 79.0 1.0
79.0 95.0 96.0 75.0 79.0 95.0 100.0 75.0 75.0 95.0 100.0 79.0 78.0 91.0 92.0 70.0 74.0 91.0 92.0 70.0 78.0 91.0 96.0 74.0 83.0 91.0 97.0 72.0 83.0 91.0 97.0 72.0 79.0 91.0 93.0 72.0 1.0
75.0 91.0 96.0 71.0 79.0 87.0 93.0 71.0 79.0 87.0 93.0 67.0 74.0 87.0 88.0 70.0 78.0 87.0 84.0 70.0 74.0 87.0 88.0 66.0 79.0 88.0 93.0 68.0 79.0 91.0 93.0 72.0 75.0 91.0 93.0 68.0 1.0
79.0 87.0 93.0 67.0 75.0 87.0 96.0 71.0 75.0 91.0 96.0 71.0 74.0 87.0 88.0 66.0 74.0 87.0 92.0 70.0 78.0 87.0 88.0 66.0 75.0 91.0 93.0 68.0 79.0 88.0 93.0 68.0 75.0 84.0 90.0 68.0 1.0
75.0 91.0 96.0 71.0 75.0 87.0 93.0 67.0 71.0 87.0 89.0 67.0 78.0 87.0 88.0 66.0 78.0 87.0 92.0 66.0 74.0 83.0 92.0 66.0 75.0 84.0 90.0 68.0 75.0 84.0 93.0 72.0 75.0 88.0 90.0 68.0 1.0
71.0 79.0 81.0 62.0 71.0 79.0 85.0 62.0 67.0 75.0 85.0 62.0 70.0 83.0 92.0 66.0 70.0 83.0 88.0 70.0 70.0 83.0 84.0 66.0 75.0 91.0 97.0 75.0 75.0 88.0 93.0 72.0 67.0 81.0 86.0 64.0 1.0
71.0 79.0 85.0 62.0 67.0 75.0 85.0 62.0 71.0 75.0 85.0 62.0 70.0 83.0 88.0 70.0 70.0 83.0 84.0 66.0 66.0 79.0 84.0 63.0 75.0 88.0 93.0 72.0 67.0 81.0 86.0 64.0 63.0 77.0 86.0 72.0 1.0
67.0 75.0 85.0 62.0 71.0 75.0 85.0 62.0 67.0 79.0 81.0 62.0 70.0 83.0 84.0 66.0 66.0 79.0 84.0 63.0 66.0 79.0 88.0 66.0 67.0 81.0 86.0 64.0 63.0 77.0 86.0 72.0 63.0 73.0 97.0 83.0 1.0
71.0 75.0 85.0 62.0 67.0 79.0 81.0 62.0 71.0 79.0 85.0 62.0 66.0 79.0 84.0 63.0 66.0 79.0 88.0 66.0 70.0 79.0 88.0 66.0 63.0 77.0 86.0 72.0 63.0 73.0 97.0 83.0 59.0 60.0 110.0 98.0 1.0
67.0 79.0 81.0 62.0 71.0 79.0 85.0 62.0 71.0 75.0 81.0 67.0 66.0 79.0 88.0 66.0 70.0 79.0 88.0 66.0 66.0 71.0 88.0 70.0 63.0 73.0 97.0 83.0 59.0 60.0 110.0 98.0 49.0 45.0 119.0 116.0 1.0
88.0 107.0 104.0 87.0 88.0 107.0 109.0 83.0 84.0 99.0 109.0 83.0 86.0 104.0 108.0 85.0 86.0 104.0 108.0 85.0 86.0 104.0 108.0 85.0 87.0 95.0 105.0 83.0 83.0 99.0 110.0 83.0 87.0 99.0 105.0 86.0 1.0
88.0 103.0 109.0 87.0 93.0 103.0 109.0 87.0 88.0 107.0 109.0 87.0 86.0 104.0 112.0 85.0 86.0 104.0 104.0 81.0 86.0 96.0 104.0 81.0 92.0 103.0 110.0 83.0 92.0 103.0 110.0 86.0 87.0 99.0 105.0 83.0 1.0
88.0 103.0 100.0 83.0 88.0 103.0 109.0 83.0 88.0 103.0 113.0 83.0 82.0 100.0 104.0 78.0 86.0 100.0 96.0 81.0 82.0 100.0 104.0 81.0 83.0 99.0 101.0 79.0 79.0 95.0 101.0 79.0 79.0 95.0 105.0 79.0 1.0
84.0 103.0 104.0 83.0 88.0 99.0 100.0 79.0 84.0 99.0 104.0 79.0 82.0 96.0 100.0 81.0 82.0 100.0 108.0 81.0 82.0 96.0 104.0 78.0 87.0 95.0 97.0 83.0 83.0 99.0 101.0 79.0 83.0 99.0 105.0 79.0 1.0
84.0 99.0 104.0 79.0 79.0 95.0 100.0 79.0 79.0 99.0 100.0 83.0 82.0 96.0 104.0 78.0 82.0 96.0 100.0 81.0 86.0 96.0 104.0 81.0 83.0 99.0 105.0 79.0 83.0 95.0 101.0 79.0 79.0 99.0 97.0 79.0 1.0
79.0 91.0 104.0 79.0 75.0 79.0 96.0 79.0 75.0 83.0 96.0 79.0 82.0 100.0 104.0 78.0 82.0 96.0 104.0 81.0 82.0 96.0 104.0 85.0 83.0 95.0 105.0 83.0 83.0 95.0 101.0 79.0 83.0 99.0 105.0 83.0 1.0
75.0 83.0 96.0 79.0 84.0 99.0 104.0 83.0 84.0 99.0 104.0 83.0 82.0 96.0 104.0 85.0 82.0 100.0 104.0 85.0 86.0 100.0 108.0 85.0 83.0 99.0 105.0 83.0 87.0 99.0 105.0 83.0 83.0 103.0 105.0 86.0 1.0
71.0 75.0 85.0 67.0 71.0 79.0 77.0 67.0 71.0 75.0 81.0 67.0 78.0 83.0 84.0 70.0 74.0 75.0 88.0 66.0 70.0 79.0 88.0 66.0 79.0 88.0 97.0 72.0 71.0 81.0 86.0 68.0 71.0 77.0 82.0 64.0 1.0
71.0 79.0 77.0 67.0 71.0 75.0 81.0 67.0 67.0 72.0 81.0 67.0 74.0 75.0 88.0 66.0 70.0 79.0 88.0 66.0 70.0 75.0 76.0 66.0 71.0 81.0 86.0 68.0 71.0 77.0 82.0 64.0 71.0 81.0 82.0 68.0 1.0
64.0 83.0 96.0 81.0 60.0 87.0 104.0 85.0 60.0 91.0 108.0 85.0 63.0 91.0 104.0 83.0 67.0 95.0 109.0 92.0 71.0 103.0 113.0 92.0 59.0 87.0 96.0 81.0 66.0 96.0 104.0 89.0 70.0 104.0 117.0 92.0 1.0
60.0 87.0 104.0 85.0 60.0 91.0 108.0 85.0 64.0 91.0 113.0 88.0 67.0 95.0 109.0 92.0 71.0 103.0 113.0 92.0 67.0 103.0 113.0 92.0 66.0 96.0 104.0 89.0 70.0 104.0 117.0 92.0 70.0 109.0 117.0 96.0 1.0
64.0 91.0 113.0 88.0 64.0 95.0 113.0 88.0 68.0 103.0 113.0 88.0 67.0 103.0 113.0 92.0 71.0 103.0 109.0 92.0 71.0 103.0 113.0 92.0 70.0 109.0 117.0 96.0 70.0 109.0 112.0 96.0 66.0 104.0 112.0 92.0 1.0
68.0 103.0 113.0 88.0 68.0 103.0 118.0 92.0 68.0 107.0 113.0 92.0 71.0 103.0 113.0 92.0 71.0 107.0 118.0 92.0 71.0 107.0 113.0 96.0 66.0 104.0 112.0 92.0 70.0 104.0 112.0 92.0 70.0 109.0 117.0 96.0 1.0
68.0 107.0 113.0 92.0 68.0 107.0 118.0 92.0 68.0 103.0 118.0 92.0 71.0 107.0 113.0 96.0 71.0 103.0 118.0 92.0 67.0 103.0 118.0 92.0 70.0 109.0 117.0 96.0 70.0 109.0 117.0 92.0 70.0 104.0 112.0 92.0 1.0
68.0 107.0 118.0 92.0 68.0 103.0 118.0 92.0 71.0 103.0 118.0 92.0 71.0 103.0 118.0 92.0 67.0 103.0 118.0 92.0 71.0 103.0 118.0 96.0 70.0 109.0 117.0 92.0 70.0 104.0 112.0 92.0 70.0 109.0 112.0 92.0 1.0
68.0 103.0 118.0 92.0 64.0 103.0 122.0 92.0 71.0 107.0 122.0 96.0 71.0 99.0 118.0 96.0 67.0 103.0 118.0 96.0 67.0 107.0 113.0 96.0 66.0 100.0 112.0 92.0 66.0 104.0 117.0 92.0 63.0 104.0 112.0 92.0 1.0
64.0 103.0 122.0 92.0 71.0 107.0 122.0 96.0 71.0 107.0 122.0 96.0 67.0 103.0 118.0 96.0 67.0 107.0 113.0 96.0 67.0 107.0 123.0 96.0 66.0 104.0 117.0 92.0 63.0 104.0 112.0 92.0 66.0 100.0 112.0 92.0 1.0
71.0 107.0 122.0 96.0 71.0 107.0 122.0 96.0 71.0 103.0 113.0 92.0 67.0 107.0 113.0 96.0 67.0 107.0 123.0 96.0 71.0 111.0 123.0 96.0 63.0 104.0 112.0 92.0 66.0 100.0 112.0 92.0 66.0 104.0 117.0 92.0 1.0
71.0 107.0 122.0 96.0 71.0 103.0 113.0 92.0 71.0 103.0 118.0 92.0 67.0 107.0 123.0 96.0 71.0 111.0 123.0 96.0 71.0 103.0 118.0 96.0 66.0 100.0 112.0 92.0 66.0 104.0 117.0 92.0 70.0 109.0 122.0 96.0 1.0
71.0 103.0 113.0 92.0 71.0 103.0 118.0 92.0 71.0 107.0 118.0 96.0 71.0 111.0 123.0 96.0 71.0 103.0 118.0 96.0 71.0 107.0 113.0 92.0 66.0 104.0 117.0 92.0 70.0 109.0 122.0 96.0 74.0 109.0 117.0 96.0 1.0
71.0 103.0 118.0 92.0 71.0 107.0 118.0 96.0 71.0 107.0 118.0 96.0 71.0 103.0 118.0 96.0 71.0 107.0 113.0 92.0 71.0 107.0 113.0 96.0 70.0 109.0 122.0 96.0 74.0 109.0 117.0 96.0 74.0 109.0 112.0 96.0 1.0
71.0 107.0 118.0 96.0 71.0 107.0 118.0 96.0 76.0 107.0 122.0 99.0 71.0 107.0 113.0 92.0 71.0 107.0 113.0 96.0 75.0 103.0 118.0 96.0 74.0 109.0 117.0 96.0 74.0 109.0 112.0 96.0 74.0 109.0 112.0 96.0 1.0
71.0 107.0 118.0 96.0 76.0 107.0 122.0 99.0 71.0 116.0 122.0 99.0 71.0 107.0 113.0 96.0 75.0 103.0 118.0 96.0 75.0 103.0 118.0 96.0 74.0 109.0 112.0 96.0 74.0 109.0 112.0 96.0 74.0 104.0 117.0 92.0 1.0
71.0 116.0 122.0 99.0 76.0 107.0 122.0 103.0 76.0 112.0 122.0 96.0 75.0 103.0 118.0 96.0 75.0 107.0 118.0 96.0 79.0 103.0 118.0 100.0 74.0 104.0 117.0 92.0 74.0 109.0 117.0 96.0 78.0 104.0 112.0 96.0 1.0
76.0 112.0 122.0 96.0 76.0 112.0 122.0 99.0 80.0 107.0 122.0 96.0 79.0 103.0 118.0 100.0 84.0 111.0 123.0 100.0 84.0 103.0 118.0 96.0 78.0 104.0 112.0 96.0 78.0 104.0 112.0 96.0 78.0 104.0 112.0 96.0 1.0
76.0 107.0 118.0 96.0 84.0 116.0 128.0 103.0 92.0 116.0 133.0 103.0 71.0 79.0 109.0 92.0 79.0 103.0 123.0 100.0 84.0 111.0 128.0 100.0 74.0 83.0 108.0 89.0 66.0 71.0 100.0 85.0 74.0 83.0 104.0 92.0 1.0
92.0 116.0 133.0 103.0 84.0 112.0 122.0 96.0 71.0 83.0 96.0 85.0 84.0 111.0 128.0 100.0 84.0 103.0 118.0 92.0 71.0 79.0 96.0 79.0 74.0 83.0 104.0 92.0 78.0 96.0 112.0 96.0 82.0 91.0 100.0 89.0 1.0
84.0 112.0 122.0 96.0 71.0 83.0 96.0 85.0 64.0 79.0 96.0 81.0 84.0 103.0 118.0 92.0 71.0 79.0 96.0 79.0 63.0 75.0 96.0 83.0 78.0 96.0 112.0 96.0 82.0 91.0 100.0 89.0 66.0 71.0 84.0 78.0 1.0
71.0 83.0 96.0 85.0 64.0 79.0 96.0 81.0 60.0 83.0 100.0 81.0 71.0 79.0 96.0 79.0 63.0 75.0 96.0 83.0 67.0 83.0 104.0 87.0 82.0 91.0 100.0 89.0 66.0 71.0 84.0 78.0 63.0 79.0 96.0 85.0 1.0
64.0 79.0 96.0 81.0 60.0 83.0 100.0 81.0 60.0 83.0 96.0 85.0 63.0 75.0 96.0 83.0 67.0 83.0 104.0 87.0 59.0 83.0 100.0 83.0 66.0 71.0 84.0 78.0 63.0 79.0 96.0 85.0 66.0 91.0 104.0 92.0 1.0
60.0 83.0 100.0 81.0 60.0 83.0 96.0 85.0 64.0 87.0 100.0 88.0 67.0 83.0 104.0 87.0 59.0 83.0 100.0 83.0 63.0 87.0 100.0 87.0 63.0 79.0 96.0 85.0 66.0 91.0 104.0 92.0 66.0 87.0 108.0 89.0 1.0
64.0 83.0 104.0 88.0 64.0 79.0 100.0 85.0 56.0 71.0 96.0 85.0 63.0 83.0 104.0 87.0 63.0 79.0 100.0 87.0 59.0 75.0 96.0 87.0 63.0 83.0 104.0 85.0 63.0 83.0 100.0 85.0 66.0 83.0 100.0 85.0 1.0
68.0 75.0 108.0 96.0 71.0 87.0 108.0 88.0 71.0 91.0 100.0 81.0 67.0 95.0 109.0 92.0 75.0 99.0 104.0 83.0 75.0 95.0 100.0 79.0 66.0 87.0 104.0 89.0 63.0 87.0 104.0 89.0 70.0 100.0 104.0 85.0 1.0
71.0 87.0 108.0 88.0 71.0 91.0 100.0 81.0 76.0 95.0 108.0 88.0 75.0 99.0 104.0 83.0 75.0 95.0 100.0 79.0 71.0 91.0 100.0 83.0 63.0 87.0 104.0 89.0 70.0 100.0 104.0 85.0 70.0 91.0 104.0 85.0 1.0
71.0 91.0 100.0 81.0 76.0 95.0 108.0 88.0 80.0 95.0 104.0 85.0 75.0 95.0 100.0 79.0 71.0 91.0 100.0 83.0 71.0 95.0 104.0 87.0 70.0 100.0 104.0 85.0 70.0 91.0 104.0 85.0 63.0 91.0 100.0 81.0 1.0
76.0 94.0 102.0 79.0 84.0 102.0 111.0 91.0 84.0 102.0 106.0 91.0 84.0 99.0 108.0 88.0 84.0 103.0 113.0 96.0 84.0 99.0 113.0 88.0 88.0 103.0 113.0 92.0 88.0 103.0 109.0 92.0 84.0 99.0 109.0 92.0 1.0
84.0 102.0 106.0 91.0 88.0 106.0 111.0 91.0 88.0 106.0 111.0 98.0 84.0 99.0 113.0 88.0 84.0 99.0 108.0 92.0 84.0 107.0 113.0 96.0 84.0 99.0 109.0 92.0 88.0 103.0 113.0 96.0 88.0 103.0 118.0 100.0 1.0
88.0 106.0 111.0 91.0 88.0 106.0 111.0 98.0 76.0 94.0 106.0 91.0 84.0 99.0 108.0 92.0 84.0 107.0 113.0 96.0 84.0 107.0 122.0 96.0 88.0 103.0 113.0 96.0 88.0 103.0 118.0 100.0 79.0 107.0 123.0 100.0 1.0
76.0 94.0 106.0 91.0 68.0 94.0 111.0 91.0 57.0 81.0 102.0 83.0 84.0 107.0 122.0 96.0 68.0 103.0 113.0 92.0 53.0 91.0 104.0 88.0 79.0 107.0 123.0 100.0 67.0 103.0 113.0 96.0 55.0 91.0 109.0 87.0 1.0
50.0 73.0 86.0 76.0 50.0 69.0 86.0 72.0 50.0 69.0 90.0 76.0 50.0 79.0 100.0 81.0 50.0 75.0 96.0 78.0 46.0 71.0 87.0 74.0 55.0 83.0 100.0 87.0 51.0 79.0 104.0 83.0 51.0 83.0 100.0 83.0 1.0
50.0 69.0 86.0 72.0 50.0 69.0 90.0 76.0 50.0 69.0 90.0 76.0 50.0 75.0 96.0 78.0 46.0 71.0 87.0 74.0 50.0 71.0 87.0 74.0 51.0 79.0 104.0 83.0 51.0 83.0 100.0 83.0 51.0 79.0 96.0 79.0 1.0
50.0 69.0 90.0 76.0 50.0 69.0 90.0 76.0 50.0 73.0 94.0 76.0 46.0 71.0 87.0 74.0 50.0 71.0 87.0 74.0 50.0 75.0 91.0 78.0 51.0 83.0 100.0 83.0 51.0 79.0 96.0 79.0 51.0 75.0 96.0 79.0 1.0
50.0 73.0 94.0 76.0 50.0 73.0 90.0 76.0 50.0 73.0 94.0 79.0 50.0 75.0 91.0 78.0 50.0 79.0 96.0 78.0 46.0 79.0 96.0 78.0 51.0 75.0 96.0 79.0 48.0 72.0 89.0 79.0 48.0 68.0 89.0 75.0 1.0
50.0 73.0 90.0 76.0 50.0 73.0 94.0 79.0 53.0 81.0 102.0 83.0 50.0 79.0 96.0 78.0 46.0 79.0 96.0 78.0 50.0 79.0 96.0 81.0 48.0 72.0 89.0 79.0 48.0 68.0 89.0 75.0 48.0 75.0 89.0 79.0 1.0
53.0 77.0 98.0 79.0 53.0 81.0 98.0 79.0 53.0 77.0 94.0 76.0 53.0 79.0 96.0 81.0 53.0 83.0 96.0 78.0 53.0 75.0 96.0 78.0 51.0 75.0 96.0 79.0 51.0 72.0 89.0 75.0 48.0 79.0 93.0 79.0 1.0
53.0 81.0 98.0 79.0 53.0 77.0 94.0 76.0 53.0 73.0 98.0 76.0 53.0 83.0 96.0 78.0 53.0 75.0 96.0 78.0 53.0 71.0 87.0 74.0 51.0 72.0 89.0 75.0 48.0 79.0 93.0 79.0 55.0 79.0 93.0 79.0 1.0
53.0 77.0 94.0 76.0 53.0 73.0 98.0 76.0 57.0 77.0 98.0 79.0 53.0 75.0 96.0 78.0 53.0 71.0 87.0 74.0 53.0 71.0 87.0 74.0 48.0 79.0 93.0 79.0 55.0 79.0 93.0 79.0 55.0 79.0 93.0 75.0 1.0
53.0 73.0 98.0 76.0 57.0 77.0 98.0 79.0 57.0 73.0 90.0 72.0 53.0 71.0 87.0 74.0 53.0 71.0 87.0 74.0 53.0 71.0 83.0 74.0 55.0 79.0 93.0 79.0 55.0 79.0 93.0 75.0 51.0 75.0 89.0 75.0 1.0
50.0 62.0 78.0 68.0 53.0 69.0 82.0 76.0 57.0 77.0 94.0 76.0 53.0 71.0 87.0 74.0 53.0 68.0 83.0 70.0 56.0 71.0 79.0 74.0 51.0 68.0 85.0 75.0 51.0 68.0 81.0 71.0 55.0 72.0 81.0 71.0 1.0
53.0 69.0 82.0 76.0 57.0 77.0 94.0 76.0 57.0 73.0 90.0 76.0 53.0 68.0 83.0 70.0 56.0 71.0 79.0 74.0 56.0 75.0 87.0 74.0 51.0 68.0 81.0 71.0 55.0 72.0 81.0 71.0 55.0 72.0 85.0 75.0 1.0
57.0 77.0 94.0 76.0 57.0 73.0 90.0 76.0 53.0 73.0 90.0 76.0 56.0 71.0 79.0 74.0 56.0 75.0 87.0 74.0 56.0 75.0 96.0 74.0 55.0 72.0 81.0 71.0 55.0 72.0 85.0 75.0 59.0 79.0 93.0 79.0 1.0
57.0 73.0 90.0 76.0 53.0 73.0 90.0 76.0 57.0 77.0 94.0 79.0 56.0 75.0 87.0 74.0 56.0 75.0 96.0 74.0 60.0 79.0 91.0 81.0 55.0 72.0 85.0 75.0 59.0 79.0 93.0 79.0 63.0 87.0 100.0 83.0 1.0
53.0 73.0 90.0 76.0 57.0 77.0 94.0 79.0 60.0 81.0 98.0 79.0 56.0 75.0 96.0 74.0 60.0 79.0 91.0 81.0 64.0 87.0 100.0 85.0 59.0 79.0 93.0 79.0 63.0 87.0 100.0 83.0 63.0 95.0 104.0 83.0 1.0
